[directions=68]
CoordinateSystem = xyz
Normalization = unity
Vector[0] = ( 0.000000, 0.000000, 0.000000 )
Vector[1] = ( 0.000000, 0.000000, 0.000000 )
Vector[2] = ( 0.000000, 0.000000, 0.000000 )
Vector[3] = ( 0.000000, 0.000000, 0.000000 )
Vector[4] = ( 0.000000, 0.000000, 0.000000 )
Vector[5] = ( 0.049000, -0.919000, -0.391000 )
Vector[6] = ( 0.726000, 0.301000, -0.618000 )
Vector[7] = ( -0.683000, 0.255000, -0.684000 )
Vector[8] = ( 0.845000, -0.502000, -0.186000 )
Vector[9] = ( -0.730000, -0.619000, -0.288000 )
Vector[10] = ( -0.051000, 0.039000, 0.998000 )
Vector[11] = ( -0.018000, 0.871000, -0.491000 )
Vector[12] = ( -0.444000, 0.494000, 0.747000 )
Vector[13] = ( -0.989000, -0.086000, -0.116000 )
Vector[14] = ( -0.470000, -0.855000, 0.221000 )
Vector[15] = ( 0.412000, 0.400000, 0.819000 )
Vector[16] = ( -0.552000, 0.790000, -0.267000 )
Vector[17] = ( -0.123000, -0.477000, 0.871000 )
Vector[18] = ( -0.848000, 0.141000, 0.510000 )
Vector[19] = ( -0.341000, -0.788000, -0.512000 )
Vector[20] = ( 0.361000, -0.529000, 0.768000 )
Vector[21] = ( -0.472000, 0.850000, 0.234000 )
Vector[22] = ( -0.856000, -0.481000, 0.189000 )
Vector[23] = ( 0.797000, 0.162000, 0.582000 )
Vector[24] = ( 0.467000, -0.009000, -0.884000 )
Vector[25] = ( 0.013000, 0.998000, -0.056000 )
Vector[26] = ( 0.882000, -0.387000, 0.267000 )
Vector[27] = ( 0.017000, -0.536000, -0.844000 )
Vector[28] = ( -0.442000, -0.651000, 0.617000 )
Vector[29] = ( 0.365000, -0.058000, 0.929000 )
Vector[30] = ( 0.977000, -0.004000, -0.213000 )
Vector[31] = ( -0.406000, -0.902000, -0.145000 )
Vector[32] = ( -0.627000, 0.614000, 0.479000 )
Vector[33] = ( -0.354000, 0.772000, -0.528000 )
Vector[34] = ( -0.658000, -0.472000, -0.586000 )
Vector[35] = ( 0.423000, 0.322000, -0.847000 )
Vector[36] = ( 0.212000, -0.754000, -0.622000 )
Vector[37] = ( 0.912000, -0.104000, 0.398000 )
Vector[38] = ( -0.311000, 0.947000, -0.077000 )
Vector[39] = ( 0.679000, 0.632000, -0.374000 )
Vector[40] = ( 0.135000, -0.286000, 0.949000 )
Vector[41] = ( -0.647000, 0.230000, 0.727000 )
Vector[42] = ( 0.904000, 0.397000, 0.158000 )
Vector[43] = ( -0.757000, 0.647000, -0.087000 )
Vector[44] = ( 0.143000, 0.284000, 0.948000 )
Vector[45] = ( 0.233000, 0.894000, -0.382000 )
Vector[46] = ( 0.664000, -0.531000, 0.527000 )
Vector[47] = ( 0.157000, 0.710000, 0.686000 )
Vector[48] = ( -0.895000, -0.214000, 0.392000 )
Vector[49] = ( 0.594000, 0.080000, 0.801000 )
Vector[50] = ( -0.006000, 0.688000, -0.726000 )
Vector[51] = ( 0.665000, 0.746000, 0.024000 )
Vector[52] = ( -0.277000, 0.276000, 0.920000 )
Vector[53] = ( -0.962000, 0.268000, 0.046000 )
Vector[54] = ( -0.133000, -0.970000, -0.202000 )
Vector[55] = ( 0.790000, -0.405000, -0.461000 )
Vector[56] = ( -0.194000, -0.193000, 0.962000 )
Vector[57] = ( -0.236000, 0.952000, 0.195000 )
Vector[58] = ( -0.884000, -0.272000, -0.379000 )
Vector[59] = ( 0.463000, -0.307000, 0.831000 )
Vector[60] = ( 0.700000, 0.066000, -0.711000 )
Vector[61] = ( -0.200000, 0.928000, -0.314000 )
Vector[62] = ( 0.550000, 0.705000, 0.449000 )
Vector[63] = ( -0.670000, 0.727000, 0.153000 )
Vector[64] = ( 0.237000, 0.722000, -0.650000 )
Vector[65] = ( 0.960000, 0.260000, -0.100000 )
Vector[66] = ( 0.407000, -0.756000, -0.512000 )
Vector[67] = ( -0.355000, -0.180000, -0.917000 )